Message: K1GOH FN42 20         

Source-encoded message (50 bits, hex): F7 0D 4B 2B 0D 15 00

Data symbols:
      1 1 0 1 1 1 0 1 0 1 1 1 1 1 1 0 1 0 0 0 0 0 0 0 0 0 1 1 0 1
      1 1 0 0 0 0 0 1 1 1 1 1 0 1 0 0 1 1 0 0 0 0 1 0 1 0 0 1 1 1
      1 1 1 0 1 1 0 1 1 0 0 0 1 1 0 1 1 1 1 1 1 1 1 1 0 1 1 0 0 0
      0 1 0 1 0 0 1 1 0 1 1 0 1 0 0 1 0 0 0 1 1 1 0 1 0 1 1 0 1 1
      1 0 0 1 0 0 0 0 1 1 0 0 0 1 1 1 1 0 0 1 1 0 0 0 1 1 0 0 1 0
      1 0 1 1 1 0 0 0 0 0 1 1

Sync symbols:
      1 1 0 0 0 0 0 0 1 0 0 0 1 1 1 0 0 0 1 0 0 1 0 1 1 1 1 0 0 0
      0 0 0 0 1 0 0 1 0 1 0 0 0 0 0 0 1 0 1 1 0 0 1 1 0 1 0 0 0 1
      1 0 1 0 0 0 0 1 1 0 1 0 1 0 1 0 1 0 0 1 0 0 1 0 1 1 0 0 0 1
      1 0 1 0 1 0 0 0 1 0 0 0 0 0 1 0 0 1 0 0 1 1 1 0 1 1 0 0 1 1
      0 1 0 0 0 1 1 1 0 0 0 0 0 1 0 1 0 0 1 1 0 0 0 0 0 0 0 1 1 0
      1 0 1 1 0 0 0 1 1 0 0 0

Channel symbols:
      3 3 0 2 2 2 0 2 1 2 2 2 3 3 3 0 2 0 1 0 0 1 0 1 1 1 3 2 0 2
      2 2 0 0 1 0 0 3 2 3 2 2 0 2 0 0 3 2 1 1 0 0 3 1 2 1 0 2 2 3
      3 2 3 0 2 2 0 3 3 0 1 0 3 2 1 2 3 2 2 3 2 2 3 2 1 3 2 0 0 1
      1 2 1 2 1 0 2 2 1 2 2 0 2 0 1 2 0 1 0 2 3 3 1 2 1 3 2 0 3 3
      2 1 0 2 0 1 1 1 2 2 0 0 0 3 2 3 2 0 1 3 2 0 0 0 2 2 0 1 3 0
      3 0 3 3 2 0 0 1 1 0 2 2

Decoded message: K1GOH FN42 20            ntype: 20
