
Message: F4GOH JN07 20                         W: F iwspr: 1
f0: 1500.000   DT:  0.00   TxT:  51.8   SNR: -15.0

Message bits: 
00001000110111010011000000101000100011000110011000101110101000101101010010000 000000000000000000000000

Channel symbols: 
0132102300
3021210200
0330302013
1303233323
1032010321
1032021303
2102011002
1322330132
1023123000
1102202303
1212001213
0020231032
0101320332
3012011111
3002222131
1101321023

   1   0.00 1500.00  -15.0  000000_0001.wav  
   2   0.00 1500.00  -15.0  000000_0002.wav  
   3   0.00 1500.00  -15.0  000000_0003.wav  
   4   0.00 1500.00  -15.0  000000_0004.wav  
   5   0.00 1500.00  -15.0  000000_0005.wav  
   6   0.00 1500.00  -15.0  000000_0006.wav  
   7   0.00 1500.00  -15.0  000000_0007.wav  
   8   0.00 1500.00  -15.0  000000_0008.wav  
   9   0.00 1500.00  -15.0  000000_0009.wav  
  10   0.00 1500.00  -15.0  000000_0010.wav  
